Начальные массивы: 
Массив А: 
  0.5 31.1 84.5 65.1 98.6 79.9 39.9 87.9 85.4 22.6 78.9 62.0 53.4 83.7 85.2
Массив B: 
  1.6 22.8 45.0 58.9 60.6 18.7 29.2 55.7 15.6 36.0 55.5 61.8  7.8 30.7 57.2

Конечные массивы: 
Массив А: 
  0.5 31.1 84.5 65.1 98.6  0.5  0.5  0.5  0.5  0.5  0.5  0.5  0.5  0.5  0.5
Массив B: 
  1.6 22.8 45.0 58.9 60.6 18.7 29.2 55.7 15.6 36.0 55.5 61.8  0.5  0.5  0.5


Начальные массивы: 
Массив А: 
 45.9 45.1 45.0  8.6  5.4  6.2 99.2 52.5 34.7 65.6  6.3  3.2 77.4 35.8
Массив B: 
 12.4 92.9 72.8 18.1 12.4 33.1 82.9 89.3 91.3 61.6 56.5 86.3 13.4  6.1 65.9 52.8

Конечные массивы: 
Массив А: 
 45.9 45.1 45.0  8.6  5.4  6.2 99.2  0.5  0.5  0.5  0.5  0.5  0.5  0.5
Массив B: 
 12.4 92.9  0.5  0.5  0.5  0.5  0.5  0.5  0.5  0.5  0.5  0.5  0.5  0.5  0.5  0.5


Начальные массивы: 
Массив А: 
 54.2 66.5 52.2 29.9 99.2 80.9 93.2 41.5 68.6 17.7 32.3 80.3 29.3 47.4 78.5 55.7  4.0 74.0
Массив B: 
 45.8 86.1 69.5 10.5 98.5 93.3 21.6 29.5 47.6 76.7 60.9 91.3 62.2 13.0 54.8 18.7 30.2

Конечные массивы: 
Массив А: 
 54.2 66.5 52.2 29.9 99.2  0.5  0.5  0.5  0.5  0.5  0.5  0.5  0.5  0.5  0.5  0.5  0.5  0.5
Массив B: 
 45.8 86.1 69.5 10.5 98.5  0.5  0.5  0.5  0.5  0.5  0.5  0.5  0.5  0.5  0.5  0.5  0.5


