Исходная матрица: 
  82.9  51.1  62.4  96.4 -70.4
 -84.0 -50.4 -38.9  36.5 -18.8
  33.5  29.5  25.9  -0.2  15.6
 -50.5  58.7   8.9 -70.7  40.6
 -72.9   0.8  68.8  -4.3  81.0
Максимальный по модулю элемент =   96.4

Уменьшенная матрица: 
 -84.0 -50.4 -38.9 -18.8
  33.5  29.5  25.9  15.6
 -50.5  58.7   8.9  40.6
 -72.9   0.8  68.8  81.0


Исходная матрица: 
 -47.2 -80.3  18.4 -54.5
 -57.3  -2.3 -74.6  66.7
  91.7 -12.8 -54.6 -66.2
 -59.3  35.5  -5.9 -90.0
Максимальный по модулю элемент =   91.7

Уменьшенная матрица: 
 -80.3  18.4 -54.5
  -2.3 -74.6  66.7
  35.5  -5.9 -90.0


Исходная матрица: 
  -0.9  65.6 -35.3 -15.4 -94.8 -49.8  -2.1  75.9
 -16.6  56.5   5.7  61.3 -95.2  13.1  36.9  65.0
 -16.3 -21.6 -87.0 -75.5 -59.9 -63.6  29.9  28.8
  31.6 -59.3 -64.6  46.7 -41.6  21.5 -73.8  93.1
 -21.8  68.7   5.4  71.3 -36.8 -39.6  17.3  45.0
 -67.3   0.9  42.0  65.9 -98.4 -62.4 -16.4 -16.1
 -70.0 -96.6 -81.2 -39.8  65.8 -10.1 -69.7 -72.2
  44.5 -28.7  51.9 -19.7 -15.2  47.8 -57.8  95.7
Максимальный по модулю элемент =  -98.4

Уменьшенная матрица: 
  -0.9  65.6 -35.3 -15.4 -49.8  -2.1  75.9
 -16.6  56.5   5.7  61.3  13.1  36.9  65.0
 -16.3 -21.6 -87.0 -75.5 -63.6  29.9  28.8
  31.6 -59.3 -64.6  46.7  21.5 -73.8  93.1
 -21.8  68.7   5.4  71.3 -39.6  17.3  45.0
 -70.0 -96.6 -81.2 -39.8 -10.1 -69.7 -72.2
  44.5 -28.7  51.9 -19.7  47.8 -57.8  95.7


