832 560 811 626 546 
856 272 155 307 797 
684 202 449 683 248 
216 217 948 666 225 
558 293 350 947 863 

Максимальный элемент = 863

676 193 721 585 132 337 292 
297 815 468 394 580 583 267 
433 906 205 568 603 784 839 
370 969 455 144 870 372 861 
652 964 979 955 228 262 532 
152 464 105 283 947 615 663 
353 407 162 817 138 762 287 

Максимальный элемент = 979

174 222 553 178 341 117 468 274 581 
194 625 463 462 496 666 385 662 369 
392 607 107 730 311 625 117 722 367 
145 433 130 369 905 876 108 481 749 
325 215 795 139 386 774 788 621 621 
511 844 773 748 527 700 974 774 284 
194 443 910 927 159 618 749 422 839 
549 824 718 586 452 113 915 158 545 
573 352 320 332 941 688 102 605 876 

Максимальный элемент = 974

