252	
120	
93	
87	
65	
65	
63	
43	
36	
34	
25	
24	
24	
24	
23	
23	
22	
21	
18	
18	
17	
17	
16	
15	
15	
15	
15	
14	
14	
14	
14	
13	
13	
13	
13	
12	
12	
12	
12	
12	
11	
11	
11	
10	
10	
10	
10	
10	
9	,
9	
9	
9	,
9	
9	
8	
8	
8	
8	
8	
8	
8	
7	
7	
7	
7	
7	
7	
7	
7	
7	
7	.
7	
6	
6	
6	.
6	
6	
6	
6	
6	
6	,
6	
6	
6	
6	
6	
5	
5	
5	
5	
5	
5	
5	
5	
5	,
5	
5	,
5	
5	
5	
5	
5	
5	
5	
4	-
4	
4	
4	
4	
4	
4	,
4	
4	
4	
4	
4	-
4	
4	
4	
4	
4	
4	
4	
4	
4	
4	
4	
4	
4	
4	
4	-
4	
4	,
4	
4	
4	
4	
4	
4	
4	
4	,
4	
4	
4	
4	
4	
4	
4	
4	
4	
3	
3	
3	
3	
3	,
3	
3	
3	
3	
3	
3	,
3	,
3	
3	
3	
3	,
3	
3	
3	,
3	
3	
3	
3	,
3	,
3	
3	␓
3	,
3	
3	
3	,
3	
3	
3	,
3	
3	,
3	
3	
3	*
3	,
3	
3	
3	
3	
3	
3	
3	
3	
3	
3	
3	,
3	
3	
3	,
3	
3	
3	,
3	
3	.
3	␓
3	
3	,
3	
3	
3	
3	␓
3	
3	
3	
3	
3	
3	.
3	
3	
3	
3	
3	
3	
3	
3	
3	
2	
2	
2	
2	
2	,
2	
2	
2	
2	
2	
2	
2	
2	
2	
2	
2	,
2	
2	()
2	,
2	(),
2	
2	?
2	
2	2017
2	
2	.
2	
2	
2	,
2	
2	.
2	-
2	,
2	
2	,
2	␓,
2	
2	␓
2	-
2	
2	
2	
2	,
2	,
2	
2	␓
2	
2	
2	
2	
2	␓
2	
2	
2	
2	
2	
2	␓!
2	
2	
2	
2	
2	
2	
2	,
2	␓
2	
2	
2	
2	
2	␓,
2	,
2	
2	
2	,
2	
2	
2	
2	
2	
2	!
2	
2	
2	
2	
2	
2	..
2	
2	,
2	.
2	
2	
2	
2	
2	,
2	
2	
2	,
2	
2	
2	,
2	
2	
2	
2	
2	,
2	
2	
2	
2	
2	
2	
2	
2	
2	-
2	
2	
2	
2	,
2	
2	!
2	
2	..,
2	,
2	
2	
2	
2	
2	,
2	
2	
2	
2	
2	
2	
2	
2	,
2	
2	
2	
2	
2	
2	,
2	-
2	,
2	
2	,
2	,
2	
2	
2	
2	
2	
2	
2	-
2	,
2	␓
2	
2	
2	
2	
2	,
2	
2	
2	
2	
2	
2	?
2	
2	
2	
2	
2	
2	,
2	
2	
2	
2	
2	
2	,␓
2	
2	
2	,
2	
2	,
2	,
2	
2	
2	
2	
2	,
2	
2	
2	
2	
2	
2	,
2	
2	,
2	
2	,
2	
2	
2	
2	
2	,
2	␓
2	,
2	
2	?
2	
2	
2	
2	.
2	
2	,
2	
2	
2	,
2	,
2	
2	
2	
2	,
2	-
2	
2	
2	.
2	,
2	
2	
2	
2	,
2	,
2	
2	,
2	
2	
2	
2	,
2	
2	
2	,
2	
2	,
2	
2	
2	
2	
2	,
2	
2	
2	
2	
2	
2	
2	
2	,
2	,␓
2	
1	
1	
1	.
1	
1	
1	..
1	..,
1	..,
1	..
1	
1	
1	-!
1	
1	-
1	,
1	
1	.
1	,
1	
1	,
1	,
1	
1	,
1	:
1	
1	
1	
1	
1	.
1	
1	
1	
1	.
1	
1	␓
1	
1	
1	
1	
1	
1	
1	
1	
1	!␓
1	
1	?
1	!
1	
1	
1	,
1	
1	
1	
1	
1	
1	
1	.
1	,
1	!
1	,
1	.
1	
1	,
1	␓
1	,
1	,
1	.
1	,
1	,
1	.
1	,
1	
1	,
1	
1	,
1	
1	.
1	
1	,
1	
1	
1	
1	
1	
1	.
1	.
1	,
1	.
1	
1	
1	␓
1	,
1	,
1	
1	
1	
1	.
1	,
1	.
1	.
1	
1	
1	
1	,
1	
1	
1	,
1	,
1	
1	
1	
1	
1	
1	
1	,␓
1	,␓
1	?
1	
1	.
1	
1	
1	
1	,
1	
1	
1	.
1	.
1	
1	[1
1	
1	
1	,
1	,
1	!␓
1	
1	,
1	.
1	
1	
1	
1	,
1	
1	.
1	
1	
1	
1	,
1	.
1	␓
1	
1	,
1	,
1	
1	
1	.
1	,
1	
1	
1	
1	␓
1	!
1	
1	
1	
1	,
1	
1	
1	
1	,
1	:
1	
1	,
1	
1	
1	,
1	!
1	
1	
1	-.
1	-!
1	
1	
1	
1	
1	
1	␓
1	
1	,
1	
1	,
1	,
1	
1	,
1	
1	
1	,
1	
1	
1	
1	
1	!␓
1	,␓
1	
1	
1	
1	
1	,
1	
1	
1	
1	
1	
1	
1	
1	,
1	,
1	,
1	␓
1	
1	!␓
1	
1	
1	
1	
1	
1	,
1	
1	
1	
1	,
1	
1	,
1	
1	,
1	.
1	
1	
1	
1	
1	
1	,
1	
1	
1	
1	.
1	,
1	
1	
1	
1	
1	
1	,
1	
1	
1	
1	,
1	
1	
1	,␓
1	␓
1	
1	
1	
1	,
1	
1	,
1	
1	
1	
1	
1	,
1	.
1	
1	
1	
1	
1	
1	,
1	,
1	!
1	.
1	.
1	!
1	
1	
1	
1	
1	
1	
1	
1	?
1	,
1	
1	,
1	:
1	.
1	,
1	
1	
1	,
1	
1	
1	␓
1	,␓
1	␓
1	!␓
1	
1	!
1	
1	
1	
1	
1	
1	
1	
1	
1	
1	,
1	,
1	,
1	
1	
1	,
1	
1	
1	
1	.
1	,
1	
1	
1	
1	,
1	
1	
1	
1	
1	
1	
1	
1	,
1	,␓
1	
1	
1	.
1	?
1	␓
1	,
1	?
1	,
1	,
1	,
1	.
1	
1	
1	
1	:
1	.
1	
1	
1	
1	
1	
1	
1	
1	
1	
1	
1	
1	
1	,
1	
1	
1	
1	
1	
1	,
1	
1	
1	
1	
1	.
1	
1	
1	
1	
1	
1	
1	
1	
1	
1	
1	?
1	
1	
1	
1	
1	
1	
1	,
1	.]
1	!␓
1	.
1	!
1	!
1	,
1	
1	
1	,
1	
1	
1	,
1	,
1	
1	,
1	
1	
1	
1	
1	.
1	.
1	
1	
1	
1	
1	␓
1	␓
1	
1	?
1	?␓
1	.
1	,
1	
1	,
1	,
1	
1	
1	!
1	.
1	,
1	.
1	
1	,
1	,
1	.
1	,
1	
1	
1	
1	
1	
1	
1	
1	
1	
1	
1	
1	
1	
1	
1	
1	
1	
1	,
1	.
1	
1	
1	
1	
1	?
1	,
1	
1	.
1	
1	
1	
1	
1	
1	
1	.
1	
1	
1	,
1	
1	.
1	,
1	
1	
1	
1	
1	!
1	
1	
1	
1	
1	
1	,
1	,
1	.
1	
1	,
1	
1	
1	
1	-
1	
1	
1	.
1	
1	
1	
1	!
1	:
1	.
1	
1	,
1	,
1	,␓
1	
1	
1	
1	
1	,
1	.
1	,
1	
1	
1	.
1	
1	
1	?
1	
1	!
1	,
1	␓
1	
1	
1	
1	
1	,
1	,␓
1	-
1	
1	
1	
1	,
1	
1	
1	.
1	.
1	
1	
1	
1	,
1	
1	
1	
1	
1	,
1	,
1	
1	
1	
1	␓
1	
1	.
1	,
1	
1	
1	
1	,
1	?
1	,
1	,
1	,
1	.
1	
1	
1	
1	
1	,
1	
1	
1	
1	
1	
1	
1	
1	
1	
1	
1	.
1	
1	
1	
1	,
1	
1	
1	
1	,
1	
1	
1	
1	
1	
1	
1	
1	
1	
1	,
1	.
1	.
1	
1	
1	
1	,
1	
1	
1	
1	
1	
1	
1	␓
1	
1	
1	
1	
1	
1	
1	:
1	
1	
1	,
1	.
1	
1	
1	.
1	,
1	␓
1	
1	
1	
1	
1	-
1	-
1	
1	.
1	?!␓
1	,
1	
1	
1	
1	,
1	,
1	
1	
1	
1	,
1	.
1	
1	
1	
1	,
1	
1	
1	.
1	
1	.
1	,
1	
1	
1	
1	
1	,
1	
1	
1	
1	
1	
1	
1	
1	
1	.
1	
1	,
1	
1	
1	.
1	
1	?
1	
1	
1	.
1	.
1	
1	!␓
1	?␓
1	
1	!
1	-
1	
1	-
1	-
1	-
1	-
1	-
1	,
1	,
1	
1	,
1	
1	
1	
1	
1	
1	
1	
1	:
1	.
1	,
1	-
1	
1	
1	
1	
1	.
1	
1	,
1	,
1	,␓
1	?␓
1	
1	
1	-
1	,
1	,␓
1	
1	
1	
1	
1	.
1	
1	
1	
1	,
1	.
1	.
1	,
1	:
1	
1	
1	!
1	,␓
1	
1	.
1	
1	
1	
1	
1	
1	
1	
1	,
1	
1	
1	
1	.
1	-
1	
1	!
1	,
1	.
1	.
1	,
1	
1	,
1	
1	,
1	:␓
1	
1	
1	
1	
1	
1	
1	.
1	
1	,
1	.
1	
1	
1	,
1	
1	
1	!
1	,
1	
1	
1	
1	,
1	
1	:
1	,
1	,␓
1	
1	
1	.
1	
1	
1	
1	
1	.
1	?
1	,
1	,
1	
1	
1	,
1	
1	
1	
1	!!!
1	
1	.
1	
1	
1	
1	
1	,
1	.
1	?
1	␓
1	
1	.
1	
1	,
1	
1	
1	
1	,
1	,
1	
1	
1	.
1	.␓
1	
1	
1	
1	
1	
1	?
1	.
1	,
1	
1	
1	
1	:
1	
1	
1	
1	,
1	
1	.
1	
1	
1	
1	
1	!
1	
1	,
1	
1	
1	
1	
1	,␓
1	
1	
1	
1	
1	
1	,
1	
1	
1	
1	
1	
1	.
1	
1	
1	!
1	
1	,
1	,
1	
1	
1	!
1	,
1	
1	,
1	
1	
1	?␓
1	␓
1	
1	
1	
1	
1	,
1	
1	,
1	,
1	
1	,
1	,
1	
1	
1	
1	
1	
1	.
1	
1	
1	
1	
1	
1	
1	!
1	
1	
1	,
1	,
1	␓
1	,
1	!
1	,
1	
1	
1	
1	,
1	
1	?
1	.
1	
1	
1	,
1	
1	
1	
1	.]
1	
1	
1	
1	
1	
1	:
1	
1	,
1	
1	
1	
1	,
1	
1	
1	#2
1	
1	,
1	
1	
1	
1	
1	,
1	
1	(,
1	1.
1	␓
1	
1	
1	
1	,
1	.
1	
1	
1	2.
1	3.
1	
1	,
1	
1	4.
1	
1	.
1	
1	
1	5.
1	
1	
1	
1	.
1	
1	
1	
1	6.
1	
1	7.
1	8.
1	
1	
1	
1	
1	,␓
1	
1	
1	
1	
1	
1	
1	.
1	
1	.
1	9.
1	
1	.
1	
1	
1	
1	
1	,
1	
1	
1	
1	.
1	
1	
1	,
1	
1	,
1	.
1	
1	␓.
1	
1	
1	
1	
1	
1	,
1	
1	
1	
1	
1	
1	
1	:
1	
1	␓
1	
1	
1	␓!␓
1	,
1	
1	
1	.
1	
1	
1	
1	,
1	␓,
1	
1	␓
1	
1	
1	,
1	
1	
1	,
1	␓
1	
1	␓!
1	
1	,
1	,
1	
1	,
1	
1	,
1	␓,
1	
1	
1	!
1	
1	␓
1	
1	,
1	
1	
1	
1	!
1	,
1	
1	
1	␓,␓
1	
1	
1	
1	
1	
1	.
1	␦␓
1	
1	
1	
1	
1	␓,
1	␓
1	
1	
1	
1	␓,
1	␓,␓
1	,␓
1	␓,␓
1	␓?
1	
1	
1	
1	
1	
1	[3
1	␓
1	␓
1	␓
1	,
1	,␓
1	.␓
1	
1	,
1	
1	
1	
1	
1	
1	
1	␓
1	
1	,
1	?
1	,
1	.
1	
1	
1	,
1	
1	
1	
1	
1	␓,
1	␓
1	␓,
1	
1	.
1	␓
1	,
1	.
1	␓
1	:
1	
1	
1	
1	
1	
1	
1	,
1	
1	
1	
1	
1	
1	
1	␓
1	
1	?
1	
1	
1	.
1	
1	
1	
1	
1	-
1	,
1	
1	
1	
1	?
1	
1	
1	
1	
1	
1	␓
1	,␓
1	␓-
1	
1	␓
1	
1	
1	,
1	
1	,
1	
1	
1	
1	
1	
1	
1	
1	.]
1	?␓
1	
1	
1	
1	
1	
1	␓,
1	
1	,␓
1	,
1	
1	␓,␓
1	␓
1	
1	
1	
1	
1	.
1	␓
1	,
1	,
1	-,
1	
1	
1	
1	,
1	,
1	
1	
1	
1	
1	␓
1	␦
1	
1	,
1	
1	:
1	,
1	
1	,
1	,
1	
1	..
1	,
1	,
1	,
1	.
1	
1	
1	
1	
1	
1	.
1	.
1	
1	
1	
1	
1	
1	,
1	.
1	
1	,
1	
1	
1	
1	
1	
1	
1	
1	
1	
1	
1	,
1	
1	␓
1	
1	,
1	
1	,
1	.
1	
1	
1	
1	
1	
1	.␓
1	
1	-
1	-.
1	-
1	-
1	-
1	
1	
1	
1	
1	
1	
1	
1	
1	
1	,
1	
1	
1	.
1	
1	-.
1	
1	
1	
1	
1	
1	
1	
1	,
1	
1	
1	
1	
1	.
1	
1	
1	
1	
1	
1	,
1	
1	,
1	
1	
1	
1	
1	.
1	
1	
1	,
1	
1	
1	
1	
1	
1	,
1	.
1	
1	
1	
1	
1	
1	
1	
1	,
1	
1	,␓
1	,␓
1	
1	
1	
1	,
1	,
1	,
1	.
1	
1	
1	
1	
1	
1	
1	
1	
1	.
1	
1	.
1	,
1	.
1	
1	,
1	,
1	..,
1	
1	
1	
1	
1	,
1	
1	␓
1	!
1	
1	
1	,
1	.
1	!
1	-.
1	
1	
1	
1	,
1	
1	
1	,
1	,
1	
1	
1	
1	
1	
1	
1	
1	
1	
1	
1	,
1	
1	!
1	
1	,
1	␓
1	
1	
1	
1	,
1	
1	
1	
1	
1	
1	
1	
1	,␓
1	␓
1	,
1	
1	.
1	
1	
1	
1	
1	
1	
1	,
1	.
1	
1	..,
1	
1	..,
1	
1	!
1	..
1	?
1	
1	
1	
1	
1	
1	
1	,
1	,
1	␓
1	,
1	.
1	
1	
1	
1	
1	
1	
1	
1	
1	,
1	
1	
1	␓
1	
1	.
1	
1	,
1	
1	
1	
1	.
1	
1	
1	
1	
1	,
1	
1	
1	
1	
1	,
1	
1	,
1	
1	.
1	?
1	
1	
1	
1	
1	
1	
1	
1	
1	,
1	,
1	
1	
1	
1	
1	
1	
1	
1	
1	
1	
1	
1	
1	.
1	,
1	
1	
1	
1	,
1	.
1	:
1	
1	
1	,
1	
1	
1	
1	
1	
1	,
1	,
1	.
1	␓
1	
1	
1	
1	
1	
1	,␓
1	
1	?!
1	
1	
1	.],
1	
1	,
1	
1	
1	
1	
1	
1	,
1	
1	
1	
1	
1	
1	
1	
1	
1	?␓
1	,
1	,
1	,
1	
1	
1	
1	,
1	
1	
1	
1	
1	
1	
1	:
1	,
1	!
1	
1	
1	
1	,
1	,
1	.
1	
1	,
1	,
1	,
1	,
1	,
1	
1	
1	␓
1	
1	
1	
1	
1	
1	
1	.
1	
1	
1	
1	.
1	
1	
1	!␓
1	,
1	.
1	
1	␓
1	
1	
1	,
1	.
1	,
1	,
1	?
1	
1	
1	.
1	,
1	
1	
1	.
1	
1	␓
1	
1	
1	,␓
1	
1	
1	
1	
1	
1	,
1	,
1	
1	
1	␓
1	
1	,
1	
1	
1	
1	
1	
1	!
1	
1	,
1	
1	,
1	
1	.
1	,
1	
1	
1	
1	,
1	
1	,
1	,
1	)
1	,
1	
1	
1	,
1	.
1	,
1	,
1	
1	
1	
1	,
1	
1	,
1	
1	␓
1	
1	
1	
1	
1	
1	
1	,
1	
1	
1	
1	.
1	,
1	,␓
1	,
1	
1	
1	
1	
1	␓
1	
1	,
1	.
1	.
1	
1	.
1	,
1	
1	␓
1	,
1	
1	
1	
1	
1	
1	
1	,
1	␓
1	,
1	,
1	
1	
1	
1	
1	
1	
1	
1	
1	-,
1	
1	[2
1	
1	
1	
1	
1	
1	,
1	
1	␦
1	
1	
1	.
1	
1	
1	,
1	
1	
1	
1	
1	!
1	
1	?␓
1	
1	,
1	
1	
1	-
1	
1	.
1	.
1	,
1	
1	
1	
1	
1	
1	
1	
1	,
1	
1	
1	,
1	,
1	,
1	,
1	,
1	.
1	
1	,
1	.
1	..
1	
1	:
1	!
1	.
1	
1	
1	
1	
1	
1	
1	?
1	
1	
1	
1	.
1	
1	
1	.
1	
1	
1	,
1	
1	
1	
1	
1	,
1	
1	
1	-
1	,
1	
1	,
1	␓
1	
1	
1	
1	?
1	
1	
1	
1	
1	
1	
1	
1	,
1	,
1	
1	
1	,
1	
1	
1	,
1	.
1	
1	
1	
1	,
1	
1	:
1	
1	
1	
1	
1	
1	
1	,
1	.
1	
1	
1	
1	,
1	
1	
1	:
1	
1	,
1	
1	
1	:
1	,
1	
1	
1	,
1	
1	
1	,
1	
1	
1	,
1	.
1	
1	
1	
1	
1	
1	
1	,
1	,
1	
1	:
1	,
1	
1	,
1	
1	
1	
1	
1	
1	
1	
1	
1	
1	
1	␓
1	,
1	..
1	
1	
1	,
1	.
1	
1	?␓
1	
1	.
1	,
1	!
1	
1	.
1	
1	
1	
1	,
1	!
1	.
1	
1	,
1	
1	
1	,
1	.
1	
1	,
1	,
1	
1	.
1	,
1	,
1	
1	.
1	,
1	
1	
1	.
1	
1	.
1	,
1	
1	,
1	␓
1	
1	
1	
1	
1	
1	
1	.
1	
1	,
1	
1	
1	
1	
1	
1	
1	
1	
1	
1	
1	
1	,␓
1	,
1	
1	,
1	
1	
1	,
1	
1	
1	
1	
1	
1	
1	
1	.
1	
1	.␓
1	.
1	
1	
1	
1	,
1	,
1	
1	␓
1	
1	
1	!
1	
1	,
1	.
1	:␓
1	
1	,
1	,
1	
1	
1	
1	
1	
1	
1	.
1	
1	
1	␓
1	
1	:
1	
1	,
1	,
1	
1	.
1	
1	
1	
1	,
1	,
1	
1	.
1	,
1	!
1	
1	
1	
1	
1	,␓
1	!
1	,
1	
1	
1	
1	
1	
1	
1	,
1	
1	,
1	
1	
1	?
1	
1	
1	
1	
1	-
1	
1	
1	
1	
1	
1	
1	,
1	
1	
1	
1	,
1	,
1	
1	,
1	
1	,
1	,
1	,
1	,
1	
1	
1	
1	
1	
1	,
1	
1	
1	.
1	
1	,
1	
1	.
1	.
1	,
1	[4
1	,
1	?
1	.
1	
1	
1	.
1	,
1	
1	
1	
1	
1	
1	
1	:
1	
1	,
1	
1	
1	
1	
1	
1	.
1	
1	
1	,
1	
1	
1	!
1	
1	.
1	
1	
1	.,
1	..
1	!
1	..,
1	..,
1	:
1	
1	!
1	,
1	?
1	␓
1	
1	,
1	
1	
1	
1	
1	,
1	
1	-
1	
1	
1	,␓
1	
1	,
1	␓
1	
1	,
1	
1	
1	
1	
1	.
1	,
1	
1	
1	.
1	.
1	,
1	?
1	
1	.
1	-.
1	
1	
1	
1	,
1	
1	!␓
1	,
1	-
1	,
1	.
1	
1	
1	
1	?
1	!
1	,
1	!
1	,
1	.
1	
1	
1	,
1	..
1	-
1	.
1	
1	
1	..,
1	
1	
1	
1	,
1	
1	
1	
1	
1	
1	.
1	.
1	
1	
1	
1	,
1	,
1	..,
1	
1	
1	
1	.
1	
1	
1	
1	
1	
1	
1	
1	
1	␓
1	
1	
1	.
1	,
1	
1	
1	
1	
1	
1	
1	
1	
1	
1	
1	,
1	
1	
1	
1	:
1	
1	
1	
1	
1	
1	
1	.
1	,
1	,
1	,
1	
1	.
1	
1	
1	,
1	
1	
1	
1	
1	
1	
1	
1	
1	
1	
1	
1	
1	
1	,
1	?
1	
1	
1	?
1	,
1	
1	,
1	.
1	
1	
1	,
1	
1	,
1	
1	
1	
1	
1	
1	!
1	,
1	
1	
1	,
1	.
1	
1	.
1	
1	
1	
1	
1	
1	
1	
1	,
1	
1	,
1	
1	,
1	
1	,
1	.
1	
1	␓
1	␓
1	
1	␓
1	!
1	.
1	
1	,
1	:
1	
1	:
1	.
1	
1	,
1	
1	
1	,
1	
1	
1	,
1	,
1	
1	
1	
1	
1	
1	
1	,
1	,
1	,
1	
1	.
1	
1	
1	,
1	.
1	
1	
1	,
1	
1	,␓
1	
1	,
1	
1	
1	
1	
1	
1	,
1	
1	
1	
1	,␓
1	
1	
1	,
1	!
1	
1	
1	
1	␓
1	
1	
1	
1	
1	,
1	.
1	
1	
1	
1	,
